5727	1.7	26.2
5728	1.7	26.2
5729	1.7	26.2
5730	1.7	26.2
5731	1.7	26.2
5732	1.7	26.3
5733	1.7	26.2
5734	1.7	26.3
5735	1.7	26.3
5736	1.7	26.3
5737	1.7	26.3
5738	1.7	26.3
5739	1.7	26.3
5740	1.7	26.3
5741	1.7	26.3
5742	1.7	26.3
5743	1.7	26.3
5744	1.7	26.3
5745	1.7	26.3
5746	1.7	26.3
5747	1.7	26.3
5748	1.7	26.3
5749	1.7	26.3
5750	1.7	26.3
5751	1.7	26.3
5752	1.7	26.3
5753	1.7	26.3
5754	1.7	26.3
5755	1.7	26.3
5756	1.7	26.3
5757	1.7	26.3
5758	1.7	26.3
5759	1.7	26.3
5760	1.7	26.3
5761	1.7	26.3
5762	1.7	26.3
5763	1.7	26.3
5764	1.7	26.3
5765	1.7	26.3
5766	1.7	26.3
5767	1.7	26.3
5768	1.7	26.3
5769	1.7	26.3
5770	1.7	26.3
5771	1.7	26.3
5772	1.7	26.3
5773	1.7	26.3
5774	1.7	26.3
5775	1.7	26.3
5776	1.7	26.3
5777	1.7	26.3
5778	1.7	26.3
5779	1.7	26.3
5780	1.7	26.3
5781	1.7	26.3
5782	1.7	26.3
5783	1.7	26.3
5784	1.7	26.3
5785	1.7	26.3
5786	1.7	26.3
5787	1.7	26.4
5788	1.7	26.3
5789	1.7	26.3
5790	1.7	26.3
5791	1.7	26.3
5792	1.7	26.3
5793	1.7	26.3
5794	1.7	26.3
5795	1.7	26.3
5796	1.7	26.4
5797	1.7	26.4
5798	1.7	26.3
5799	1.7	26.3
5800	1.7	26.4
5801	1.7	26.3
5802	1.7	26.3
5803	1.7	26.3
5804	1.7	26.3
5805	1.7	26.3
5806	1.7	26.4
5807	1.7	26.3
5808	1.7	26.4
5809	1.7	26.3
5810	1.7	26.4
5811	1.7	26.4
5812	1.7	26.4
5813	1.7	26.4
5814	1.7	26.4
5815	1.7	26.4
5816	1.7	26.4
5817	1.7	26.4
5818	1.7	26.4
5819	1.7	26.4
5820	1.7	26.4
5821	1.7	26.4
5822	1.7	26.4
5823	1.7	26.4
5824	1.7	26.4
5825	1.7	26.4
5826	1.7	26.4
5827	1.7	26.3
5828	1.7	26.4
5829	1.7	26.4
5830	1.7	26.4
5831	1.7	26.4
5832	1.7	26.4
5833	1.7	26.4
5834	1.7	26.4
5835	1.7	26.4
5836	1.7	26.4
5837	1.7	26.4
5838	1.7	26.4
5839	1.7	26.4
5840	1.7	26.4
5841	1.7	26.4
5842	1.7	26.4
5843	1.7	26.4
5844	1.7	26.4
5845	1.7	26.4
5846	1.7	26.4
5847	1.7	26.4
5848	1.7	26.4
5849	1.7	26.4
5850	1.7	26.4
5851	1.7	26.4
5852	1.7	26.4
5853	1.7	26.4
5854	1.7	26.4
5855	1.7	26.4
5856	1.7	26.4
5857	1.7	26.4
5858	1.7	26.4
5859	1.7	26.4
5860	1.7	26.4
5861	1.7	26.4
5862	1.7	26.4
5863	1.7	26.4
5864	1.7	26.4
5865	1.7	26.4
5866	1.7	26.4
5867	1.7	26.4
5868	1.7	26.4
5869	1.7	26.4
5870	1.7	26.4
5871	1.7	26.4
5872	1.7	26.4
5873	1.7	26.4
5874	1.7	26.4
5875	1.7	26.4
5876	1.7	26.4
5877	1.7	26.4
5878	1.7	26.4
5879	1.7	26.4
5880	1.7	26.4
5881	1.7	26.4
5882	1.7	26.4
5883	1.7	26.4
5884	1.7	26.4
5885	1.7	26.4
5886	1.7	26.4
5887	1.7	26.4
5888	1.7	26.4
5889	1.7	26.4
5890	1.7	26.4
5891	1.7	26.4
5892	1.7	26.4
5893	1.7	26.4
5894	1.7	26.4
5895	1.7	26.4
5896	1.7	26.4
5897	1.7	26.4
5898	1.7	26.4
5899	1.7	26.4
5900	1.7	26.4
5901	1.7	26.4
5902	1.7	26.4
5903	1.7	26.4
5904	1.7	26.4
5905	1.7	26.4
5906	1.7	26.4
5907	1.7	26.4
5908	1.7	26.4
5909	1.7	26.4
5910	1.7	26.4
5911	1.7	26.4
5912	1.7	26.4
5913	1.7	26.4
5914	1.7	26.4
5915	1.7	26.4
5916	1.7	26.4
5917	1.7	26.4
5918	1.7	26.4
5919	1.7	26.4
5920	1.7	26.4
5921	1.7	26.4
5922	1.7	26.4
5923	1.7	26.4
5924	1.7	26.4
5925	1.7	26.4
5926	1.7	26.4
5927	1.7	26.4
5928	1.7	26.4
5929	1.7	26.4
5930	1.7	26.4
5931	1.7	26.4
5932	1.7	26.4
5933	1.7	26.4
5934	1.7	26.4
5935	1.7	26.4
5936	1.7	26.4
5937	1.7	26.4
5938	1.7	26.4
5939	1.7	26.4
5940	1.7	26.4
5941	1.7	26.4
5942	1.7	26.4
5943	1.7	26.4
5944	1.7	26.4
5945	1.7	26.4
5946	1.7	26.4
5947	1.7	26.4
5948	1.7	26.4
5949	1.7	26.4
5950	1.7	26.4
5951	1.7	26.4
5952	1.7	26.4
5953	1.7	26.4
5954	1.7	26.4
5955	1.7	26.4
5956	1.7	26.4
5957	1.7	26.4
5958	1.7	26.4
5959	1.7	26.4
5960	1.7	26.4
5961	1.7	26.4
5962	1.7	26.4
5963	1.7	26.4
5964	1.7	26.4
5965	1.7	26.4
5966	1.7	26.4
5967	1.7	26.4
5968	1.7	26.4
5969	1.7	26.4
5970	1.7	26.4
5971	1.7	26.4
5972	1.7	26.4
5973	1.7	26.4
5974	1.7	26.4
5975	1.7	26.4
5976	1.7	26.4
5977	1.7	26.4
5978	1.7	26.4
5979	1.7	26.4
5980	1.7	26.4
5981	1.7	26.4
5982	1.7	26.4
5983	1.7	26.4
5984	1.7	26.4
5985	1.7	26.4
5986	1.7	26.4
5987	1.7	26.4
5988	1.7	26.4
5989	1.7	26.4
5990	1.7	26.4
5991	1.7	26.4
5992	1.7	26.4
5993	1.7	26.4
5994	1.7	26.4
5995	1.7	26.4
5996	1.7	26.4
5997	1.7	26.4
5998	1.7	26.4
5999	1.7	26.4
6000	1.7	26.4
6001	1.7	26.4
6002	1.7	26.4
6003	1.7	26.4
6004	1.7	26.4
6005	1.7	26.4
6006	1.7	26.4
6007	1.7	26.4
6008	1.7	26.4
6009	1.7	26.4
6010	1.7	26.4
6011	1.7	26.4
6012	1.7	26.4
6013	1.7	26.4
6014	1.7	26.4
6015	1.7	26.4
6016	1.7	26.4
6017	1.7	26.4
6018	1.7	26.4
6019	1.7	26.4
6020	1.7	26.4
6021	1.7	26.4
6022	1.7	26.4
6023	1.7	26.4
6024	1.7	26.4
6025	1.7	26.4
6026	1.7	26.4
6027	1.7	26.4
6028	1.7	26.4
6029	1.7	26.4
6030	1.7	26.4
6031	1.7	26.4
6032	1.7	26.4
6033	1.7	26.4
6034	1.7	26.4
6035	1.7	26.4
6036	1.7	26.4
6037	1.7	26.4
6038	1.7	26.4
6039	1.7	26.4
6040	1.7	26.4
6041	1.7	26.4
6042	1.7	26.4
6043	1.7	26.4
6044	1.7	26.4
6045	1.7	26.4
6046	1.7	26.4
6047	1.7	26.4
6048	1.7	26.4
6049	1.7	26.4
6050	1.7	26.4
6051	1.7	26.4
6052	1.7	26.4
6053	1.7	26.4
6054	1.7	26.4
6055	1.7	26.4
6056	1.7	26.4
6057	1.7	26.4
6058	1.7	26.4
6059	1.7	26.4
6060	1.7	26.4
6061	1.7	26.4
6062	1.7	26.4
6063	1.7	26.4
6064	1.7	26.4
6065	1.7	26.4
6066	1.7	26.4
6067	1.7	26.4
6068	1.7	26.4
6069	1.7	26.4
6070	1.7	26.4
6071	1.7	26.4
6072	1.7	26.4
6073	1.7	26.4
6074	1.7	26.4
6075	1.7	26.4
6076	1.7	26.4
6077	1.7	26.4
6078	1.7	26.4
6079	1.7	26.4
6080	1.7	26.4
6081	1.7	26.4
6082	1.7	26.4
6083	1.7	26.4
6084	1.7	26.4
6085	1.7	26.4
6086	1.7	26.4
6087	1.7	26.4
6088	1.7	26.4
6089	1.7	26.4
6090	1.7	26.4
6091	1.7	26.4
6092	1.7	26.4
6093	1.7	26.4
6094	1.7	26.4
6095	1.7	26.4
6096	1.7	26.4
6097	1.7	26.4
6098	1.7	26.4
6099	1.7	26.4
6100	1.7	26.4
6101	1.7	26.4
6102	1.7	26.4
6103	1.7	26.4
6104	1.7	26.4
6105	1.7	26.4
6106	1.7	26.4
6107	1.7	26.4
6108	1.7	26.4
6109	1.7	26.4
6110	1.7	26.4
6111	1.7	26.4
6112	1.7	26.4
6113	1.7	26.4
6114	1.7	26.4
6115	1.7	26.4
6116	1.7	26.4
6117	1.7	26.4
6118	1.7	26.4
6119	1.7	26.4
6120	1.7	26.4
6121	1.7	26.4
6122	1.7	26.4
6123	1.7	26.4
6124	1.7	26.3
6125	1.7	26.3
6126	1.7	26.4
6127	1.7	26.3
6128	1.7	26.4
6129	1.7	26.4
6130	1.7	26.4
6131	1.7	26.4
6132	1.7	26.4
6133	1.7	26.3
6134	1.7	26.4
6135	1.7	26.4
6136	1.7	26.3
6137	1.7	26.4
6138	1.7	26.4
6139	1.7	26.4
6140	1.7	26.3
6141	1.7	26.3
6142	1.7	26.4
6143	1.7	26.3
6144	1.7	26.4
6145	1.7	26.4
6146	1.7	26.3
6147	1.7	26.3
6148	1.7	26.4
6149	1.7	26.3
6150	1.7	26.3
6151	1.7	26.3
6152	1.7	26.3
6153	1.7	26.3
6154	1.7	26.3
6155	1.7	26.4
6156	1.7	26.3
6157	1.7	26.3
6158	1.7	26.3
6159	1.7	26.4
6160	1.7	26.4
6161	1.7	26.3
6162	1.7	26.4
6163	1.7	26.3
6164	1.7	26.3
6165	1.7	26.3
6166	1.7	26.3
6167	1.7	26.3
6168	1.7	26.3
6169	1.7	26.3
6170	1.7	26.3
6171	1.7	26.3
6172	1.7	26.3
6173	1.7	26.4
6174	1.7	26.3
6175	1.7	26.3
6176	1.7	26.3
6177	1.7	26.3
6178	1.7	26.3
6179	1.7	26.3
6180	1.7	26.3
6181	1.7	26.3
6182	1.7	26.3
6183	1.7	26.4
6184	1.7	26.3
6185	1.7	26.3
6186	1.7	26.3
6187	1.7	26.3
6188	1.7	26.3
6189	1.7	26.3
6190	1.7	26.3
6191	1.7	26.3
6192	1.7	26.3
6193	1.7	26.3
6194	1.7	26.4
6195	1.7	26.4
6196	1.7	26.3
6197	1.7	26.3
6198	1.7	26.3
6199	1.7	26.3
6200	1.7	26.3
6201	1.7	26.3
6202	1.7	26.3
6203	1.7	26.3
6204	1.7	26.3
6205	1.7	26.3
6206	1.7	26.3
6207	1.7	26.3
6208	1.7	26.3
6209	1.7	26.3
6210	1.7	26.3
6211	1.7	26.3
6212	1.7	26.3
6213	1.7	26.3
6214	1.7	26.3
6215	1.7	26.3
6216	1.7	26.3
6217	1.7	26.3
6218	1.7	26.3
6219	1.7	26.3
6220	1.7	26.3
6221	1.7	26.3
6222	1.7	26.3
6223	1.7	26.3
6224	1.7	26.3
6225	1.7	26.3
6226	1.7	26.3
6227	1.7	26.3
6228	1.7	26.3
6229	1.7	26.3
6230	1.7	26.3
6231	1.7	26.3
6232	1.7	26.3
6233	1.7	26.3
6234	1.7	26.3
6235	1.7	26.3
6236	1.7	26.3
6237	1.7	26.3
6238	1.7	26.3
6239	1.7	26.3
6240	1.7	26.3
6241	1.7	26.3
6242	1.7	26.3
6243	1.7	26.3
6244	1.7	26.3
6245	1.7	26.3
6246	1.7	26.3
6247	1.7	26.3
6248	1.7	26.3
6249	1.7	26.3
6250	1.7	26.3
6251	1.7	26.3
6252	1.7	26.3
6253	1.7	26.3
6254	1.7	26.3
6255	1.7	26.4
6256	1.7	26.3
6257	1.7	26.3
6258	1.7	26.4
6259	1.7	26.4
6260	1.7	26.3
6261	1.7	26.3
6262	1.7	26.3
6263	1.7	26.3
6264	1.7	26.3
6265	1.7	26.3
6266	1.7	26.3
6267	1.7	26.4
6268	1.7	26.3
6269	1.7	26.3
6270	1.7	26.3
6271	1.7	26.3
6272	1.7	26.4
6273	1.7	26.3
6274	1.7	26.4
6275	1.7	26.3
6276	1.7	26.4
6277	1.7	26.4
6278	1.7	26.3
6279	1.7	26.3
6280	1.7	26.3
6281	1.7	26.4
6282	1.7	26.3
6283	1.7	26.3
6284	1.7	26.3
6285	1.7	26.4
6286	1.7	26.3
6287	1.7	26.3
6288	1.7	26.4
6289	1.7	26.4
6290	1.7	26.4
6291	1.7	26.3
6292	1.7	26.3
6293	1.7	26.3
6294	1.7	26.4
6295	1.7	26.4
6296	1.7	26.3
6297	1.7	26.3
6298	1.7	26.3
6299	1.7	26.4
6300	1.7	26.4
6301	1.7	26.4
6302	1.7	26.4
6303	1.7	26.4
6304	1.7	26.4
6305	1.7	26.4
6306	1.7	26.4
6307	1.7	26.4
6308	1.7	26.4
6309	1.7	26.4
6310	1.7	26.4
6311	1.7	26.4
6312	1.7	26.4
6313	1.7	26.4
6314	1.7	26.4
6315	1.7	26.4
6316	1.7	26.4
6317	1.7	26.4
6318	1.7	26.4
6319	1.7	26.4
6320	1.7	26.4
6321	1.7	26.4
6322	1.7	26.4
6323	1.7	26.4
6324	1.7	26.4
6325	1.7	26.4
6326	1.7	26.4
6327	1.7	26.4
6328	1.7	26.4
6329	1.7	26.4
6330	1.7	26.4
6331	1.7	26.4
6332	1.7	26.4
6333	1.7	26.4
6334	1.7	26.4
6335	1.7	26.4
6336	1.7	26.4
6337	1.7	26.4
6338	1.7	26.4
6339	1.7	26.4
6340	1.7	26.4
6341	1.7	26.4
6342	1.7	26.4
6343	1.7	26.4
6344	1.7	26.4
6345	1.7	26.4
6346	1.7	26.4
6347	1.7	26.4
6348	1.7	26.4
6349	1.7	26.4
6350	1.7	26.4
6351	1.7	26.4
6352	1.7	26.4
6353	1.7	26.4
6354	1.7	26.4
6355	1.7	26.4
6356	1.7	26.4
6357	1.7	26.4
6358	1.7	26.4
6359	1.7	26.4
6360	1.7	26.4
6361	1.7	26.4
6362	1.7	26.4
6363	1.7	26.4
6364	1.7	26.5
6365	1.7	26.4
6366	1.7	26.5
6367	1.7	26.4
6368	1.7	26.5
6369	1.7	26.5
6370	1.7	26.4
6371	1.7	26.4
6372	1.7	26.4
6373	1.7	26.4
6374	1.7	26.5
6375	1.7	26.4
6376	1.7	26.5
6377	1.7	26.4
6378	1.7	26.4
6379	1.7	26.5
6380	1.7	26.5
6381	1.7	26.5
6382	1.7	26.4
6383	1.7	26.5
6384	1.7	26.5
6385	1.7	26.5
6386	1.7	26.5
6387	1.7	26.5
6388	1.7	26.5
6389	1.7	26.5
6390	1.7	26.5
6391	1.7	26.5
6392	1.7	26.5
6393	1.7	26.5
6394	1.7	26.5
6395	1.7	26.5
6396	1.7	26.5
6397	1.7	26.5
6398	1.7	26.5
6399	1.7	26.5
6400	1.7	26.5
6401	1.7	26.5
6402	1.7	26.5
6403	1.7	26.5
6404	1.7	26.5
6405	1.7	26.5
6406	1.7	26.5
6407	1.7	26.5
6408	1.7	26.5
6409	1.7	26.5
6410	1.7	26.5
6411	1.7	26.5
6412	1.7	26.5
6413	1.7	26.5
6414	1.7	26.5
6415	1.7	26.5
6416	1.7	26.5
6417	1.7	26.5
6418	1.7	26.5
6419	1.7	26.5
6420	1.7	26.5
6421	1.7	26.5
6422	1.7	26.5
6423	1.7	26.5
6424	1.7	26.5
6425	1.7	26.5
6426	1.7	26.5
6427	1.7	26.5
6428	1.7	26.5
6429	1.7	26.5
6430	1.7	26.5
6431	1.7	26.5
6432	1.7	26.5
6433	1.7	26.6
6434	1.7	26.5
6435	1.7	26.5
6436	1.7	26.5
6437	1.7	26.5
6438	1.7	26.5
6439	1.7	26.6
6440	1.7	26.5
6441	1.7	26.6
6442	1.7	26.5
6443	1.7	26.5
6444	1.7	26.5
6445	1.7	26.5
6446	1.7	26.5
6447	1.7	26.6
6448	1.7	26.5
6449	1.7	26.5
6450	1.7	26.6
6451	1.7	26.6
6452	1.7	26.6
6453	1.7	26.5
6454	1.7	26.6
6455	1.7	26.6
6456	1.7	26.6
6457	1.7	26.6
6458	1.7	26.6
6459	1.7	26.6
6460	1.7	26.6
6461	1.7	26.6
6462	1.7	26.6
6463	1.7	26.6
6464	1.7	26.6
6465	1.7	26.6
6466	1.7	26.6
6467	1.7	26.6
6468	1.7	26.6
6469	1.7	26.6
6470	1.7	26.6
6471	1.7	26.6
6472	1.7	26.6
6473	1.7	26.6
6474	1.7	26.6
6475	1.7	26.6
6476	1.7	26.6
6477	1.7	26.6
6478	1.7	26.6
6479	1.7	26.6
6480	1.7	26.6
6481	1.7	26.6
6482	1.7	26.6
6483	1.7	26.6
6484	1.7	26.6
6485	1.7	26.6
6486	1.7	26.6
6487	1.7	26.6
6488	1.7	26.6
6489	1.7	26.6
6490	1.7	26.6
6491	1.7	26.6
6492	1.7	26.6
6493	1.7	26.6
6494	1.7	26.6
6495	1.7	26.6
6496	1.7	26.6
6497	1.7	26.6
6498	1.7	26.6
6499	1.7	26.6
6500	1.7	26.6
6501	1.7	26.6
6502	1.7	26.6
6503	1.7	26.6
6504	1.7	26.6
6505	1.7	26.6
6506	1.7	26.6
6507	1.7	26.6
6508	1.7	26.6
6509	1.7	26.6
6510	1.7	26.6
6511	1.7	26.6
6512	1.7	26.6
6513	1.7	26.6
6514	1.7	26.6
6515	1.7	26.6
6516	1.7	26.6
6517	1.7	26.6
6518	1.7	26.6
6519	1.7	26.6
6520	1.7	26.6
6521	1.7	26.6
6522	1.7	26.6
6523	1.7	26.6
6524	1.7	26.6
6525	1.7	26.6
6526	1.7	26.6
6527	1.7	26.6
6528	1.7	26.6
6529	1.7	26.6
6530	1.7	26.6
6531	1.7	26.6
6532	1.7	26.6
6533	1.7	26.6
6534	1.7	26.6
6535	1.7	26.6
6536	1.7	26.7
6537	1.7	26.6
6538	1.7	26.6
6539	1.7	26.7
6540	1.7	26.6
6541	1.7	26.7
6542	1.7	26.6
6543	1.7	26.6
6544	1.7	26.6
6545	1.7	26.6
6546	1.7	26.6
6547	1.7	26.6
6548	1.7	26.6
6549	1.7	26.6
6550	1.7	26.6
6551	1.7	26.7
6552	1.7	26.6
6553	1.7	26.6
6554	1.7	26.6
6555	1.7	26.6
6556	1.7	26.6
6557	1.7	26.6
6558	1.7	26.7
6559	1.7	26.6
6560	1.7	26.6
6561	1.7	26.6
6562	1.7	26.6
6563	1.7	26.6
6564	1.7	26.7
6565	1.7	26.6
6566	1.7	26.6
6567	1.7	26.7
6568	1.7	26.6
6569	1.7	26.6
6570	1.7	26.6
6571	1.7	26.6
6572	1.7	26.6
6573	1.7	26.6
6574	1.7	26.6
6575	1.7	26.6
6576	1.7	26.7
6577	1.7	26.6
6578	1.7	26.6
6579	1.7	26.7
6580	1.7	26.7
6581	1.7	26.6
6582	1.7	26.6
6583	1.7	26.7
6584	1.7	26.7
6585	1.7	26.6
6586	1.7	26.6
6587	1.7	26.7
6588	1.7	26.6
6589	1.7	26.7
6590	1.7	26.6
6591	1.7	26.7
6592	1.7	26.7
6593	1.7	26.6
6594	1.7	26.7
6595	1.7	26.7
6596	1.7	26.6
6597	1.7	26.7
6598	1.7	26.7
6599	1.7	26.6
6600	1.7	26.6
6601	1.7	26.6
6602	1.7	26.7
6603	1.7	26.6
6604	1.7	26.7
6605	1.7	26.6
6606	1.7	26.6
6607	1.7	26.7
6608	1.7	26.6
6609	1.7	26.6
6610	1.7	26.6
6611	1.7	26.6
6612	1.7	26.6
6613	1.7	26.7
6614	1.7	26.6
6615	1.7	26.6
6616	1.7	26.6
6617	1.7	26.6
6618	1.7	26.6
6619	1.7	26.6
6620	1.7	26.6
6621	1.7	26.7
6622	1.7	26.7
6623	1.7	26.6
6624	1.7	26.7
6625	1.7	26.7
6626	1.7	26.6
6627	1.7	26.7
6628	1.7	26.6
6629	1.7	26.7
6630	1.7	26.7
6631	1.7	26.6
6632	1.7	26.7
6633	1.7	26.7
6634	1.7	26.6
6635	1.7	26.6
6636	1.7	26.6
6637	1.7	26.6
6638	1.7	26.7
6639	1.7	26.6
6640	1.7	26.7
6641	1.7	26.6
6642	1.7	26.6
6643	1.7	26.6
6644	1.7	26.7
6645	1.7	26.7
6646	1.7	26.6
6647	1.7	26.6
6648	1.7	26.6
6649	1.7	26.6
6650	1.7	26.7
6651	1.7	26.6
6652	1.7	26.7
6653	1.7	26.6
6654	1.7	26.7
6655	1.7	26.6
6656	1.7	26.6
6657	1.7	26.6
6658	1.7	26.7
6659	1.7	26.7
6660	1.7	26.6
6661	1.7	26.6
6662	1.7	26.6
6663	1.7	26.6
6664	1.7	26.6
6665	1.7	26.6
6666	1.7	26.7
6667	1.7	26.7
6668	1.7	26.6
6669	1.7	26.6
6670	1.7	26.7
6671	1.7	26.7
6672	1.7	26.6
6673	1.7	26.7
6674	1.7	26.6
6675	1.7	26.7
6676	1.7	26.6
6677	1.7	26.6
6678	1.7	26.6
6679	1.7	26.6
6680	1.7	26.6
6681	1.7	26.6
6682	1.7	26.7
6683	1.7	26.6
6684	1.7	26.6
6685	1.7	26.6
6686	1.7	26.6
6687	1.7	26.6
6688	1.7	26.6
6689	1.7	26.6
6690	1.7	26.6
6691	1.7	26.6
6692	1.7	26.7
6693	1.7	26.6
6694	1.7	26.6
6695	1.7	26.6
6696	1.7	26.6
6697	1.7	26.6
6698	1.7	26.6
6699	1.7	26.6
6700	1.7	26.6
6701	1.7	26.6
6702	1.7	26.6
6703	1.7	26.6
6704	1.7	26.6
6705	1.7	26.6
6706	1.7	26.6
6707	1.7	26.6
6708	1.7	26.6
6709	1.7	26.6
6710	1.7	26.6
6711	1.7	26.6
6712	1.7	26.6
6713	1.7	26.6
6714	1.7	26.6
6715	1.7	26.6
6716	1.7	26.6
6717	1.7	26.6
6718	1.7	26.6
6719	1.7	26.6
6720	1.7	26.6
6721	1.7	26.6
6722	1.7	26.6
6723	1.7	26.6
6724	1.7	26.6
6725	1.7	26.6
6726	1.7	26.6
6727	1.7	26.6
6728	1.7	26.6
6729	1.7	26.6
6730	1.7	26.6
6731	1.7	26.6
6732	1.7	26.6
6733	1.7	26.6
6734	1.7	26.6
6735	1.7	26.6
6736	1.7	26.6
6737	1.7	26.6
6738	1.7	26.6
6739	1.7	26.6
6740	1.7	26.6
6741	1.7	26.6
6742	1.7	26.6
6743	1.7	26.6
6744	1.7	26.6
6745	1.7	26.6
6746	1.7	26.6
6747	1.7	26.6
6748	1.7	26.6
6749	1.7	26.6
6750	1.7	26.6
6751	1.7	26.6
6752	1.7	26.6
6753	1.7	26.6
6754	1.7	26.6
6755	1.7	26.6
6756	1.7	26.6
6757	1.7	26.6
6758	1.7	26.6
6759	1.7	26.6
6760	1.7	26.6
6761	1.7	26.6
6762	1.7	26.6
6763	1.7	26.6
6764	1.7	26.6
6765	1.7	26.6
6766	1.7	26.6
6767	1.7	26.6
6768	1.7	26.6
6769	1.7	26.6
6770	1.7	26.6
6771	1.7	26.6
6772	1.7	26.6
6773	1.7	26.6
6774	1.7	26.6
6775	1.7	26.6
6776	1.7	26.6
6777	1.7	26.6
6778	1.7	26.6
6779	1.7	26.6
6780	1.7	26.6
6781	1.7	26.6
6782	1.7	26.6
6783	1.7	26.6
6784	1.7	26.6
6785	1.7	26.6
6786	1.7	26.6
6787	1.7	26.6
6788	1.7	26.6
6789	1.7	26.6
6790	1.7	26.6
6791	1.7	26.6
6792	1.7	26.6
6793	1.7	26.5
6794	1.7	26.6
6795	1.7	26.6
6796	1.7	26.6
6797	1.7	26.6
6798	1.7	26.5
6799	1.7	26.6
6800	1.7	26.6
6801	1.7	26.6
6802	1.7	26.6
6803	1.7	26.6
6804	1.7	26.6
6805	1.7	26.6
6806	1.7	26.6
6807	1.7	26.6
6808	1.7	26.6
6809	1.7	26.6
6810	1.7	26.6
6811	1.7	26.6
6812	1.7	26.5
6813	1.7	26.6
6814	1.7	26.5
6815	1.7	26.6
6816	1.7	26.6
6817	1.7	26.6
6818	1.7	26.6
6819	1.7	26.6
6820	1.7	26.5
6821	1.7	26.6
6822	1.7	26.6
6823	1.7	26.5
6824	1.7	26.5
6825	1.7	26.5
6826	1.7	26.6
6827	1.7	26.6
6828	1.7	26.6
6829	1.7	26.6
6830	1.7	26.6
6831	1.7	26.6
6832	1.7	26.5
6833	1.7	26.6
6834	1.7	26.6
6835	1.7	26.5
6836	1.7	26.5
6837	1.7	26.6
6838	1.7	26.6
6839	1.7	26.5
6840	1.7	26.6
6841	1.7	26.6
6842	1.7	26.6
6843	1.7	26.6
6844	1.7	26.6
6845	1.7	26.5
6846	1.7	26.6
6847	1.7	26.6
6848	1.7	26.6
6849	1.7	26.5
6850	1.7	26.6
6851	1.7	26.6
6852	1.7	26.5
6853	1.7	26.5
6854	1.7	26.6
6855	1.7	26.5
6856	1.7	26.5
6857	1.7	26.6
6858	1.7	26.6
6859	1.7	26.5
6860	1.7	26.5
6861	1.7	26.6
6862	1.7	26.6
6863	1.7	26.6
6864	1.7	26.6
6865	1.7	26.5
6866	1.7	26.6
6867	1.7	26.6
6868	1.7	26.5
6869	1.7	26.5
6870	1.7	26.6
6871	1.7	26.6
6872	1.7	26.5
6873	1.7	26.6
6874	1.7	26.6
6875	1.7	26.5
6876	1.7	26.6
6877	1.7	26.6
6878	1.7	26.6
6879	1.7	26.6
6880	1.7	26.5
6881	1.7	26.6
6882	1.7	26.6
6883	1.7	26.6
6884	1.7	26.6
6885	1.7	26.6
6886	1.7	26.6
6887	1.7	26.5
6888	1.7	26.5
6889	1.7	26.6
6890	1.7	26.6
6891	1.7	26.6
6892	1.7	26.6
6893	1.7	26.6
6894	1.7	26.5
6895	1.7	26.6
6896	1.7	26.5
6897	1.7	26.6
6898	1.7	26.5
6899	1.7	26.6
6900	1.7	26.6
6901	1.7	26.5
6902	1.7	26.5
6903	1.7	26.6
6904	1.7	26.6
6905	1.7	26.6
6906	1.7	26.6
6907	1.7	26.6
6908	1.7	26.6
6909	1.7	26.5
6910	1.7	26.6
6911	1.7	26.6
6912	1.7	26.6
6913	1.7	26.6
6914	1.7	26.5
6915	1.7	26.6
6916	1.7	26.6
6917	1.7	26.6
6918	1.7	26.6
6919	1.7	26.6
6920	1.7	26.6
6921	1.7	26.6
6922	1.7	26.6
6923	1.7	26.6
6924	1.7	26.6
6925	1.7	26.6
6926	1.7	26.6
6927	1.7	26.6
6928	1.7	26.6
6929	1.7	26.6
6930	1.7	26.6
6931	1.7	26.6
6932	1.7	26.6
6933	1.7	26.6
6934	1.7	26.6
6935	1.7	26.6
6936	1.7	26.6
6937	1.7	26.6
6938	1.7	26.6
6939	1.7	26.6
6940	1.7	26.6
6941	1.7	26.6
6942	1.7	26.6
6943	1.7	26.6
6944	1.7	26.6
6945	1.7	26.6
6946	1.7	26.6
6947	1.7	26.6
6948	1.7	26.6
6949	1.7	26.6
6950	1.7	26.6
6951	1.7	26.6
6952	1.7	26.6
6953	1.7	26.6
6954	1.7	26.6
6955	1.7	26.6
6956	1.7	26.6
6957	1.7	26.6
6958	1.7	26.6
6959	1.7	26.6
6960	1.7	26.6
6961	1.7	26.6
6962	1.7	26.6
6963	1.7	26.6
6964	1.7	26.6
6965	1.7	26.6
6966	1.7	26.6
6967	1.7	26.6
6968	1.7	26.6
6969	1.7	26.6
6970	1.7	26.6
6971	1.7	26.6
6972	1.7	26.6
6973	1.7	26.6
6974	1.7	26.6
6975	1.7	26.6
6976	1.7	26.6
6977	1.7	26.6
6978	1.7	26.6
6979	1.7	26.6
6980	1.7	26.6
6981	1.7	26.6
6982	1.7	26.6
6983	1.7	26.6
6984	1.7	26.6
6985	1.7	26.6
6986	1.7	26.6
6987	1.7	26.6
6988	1.7	26.6
6989	1.7	26.6
6990	1.7	26.6
6991	1.7	26.6
6992	1.7	26.6
6993	1.7	26.6
6994	1.7	26.6
6995	1.7	26.6
6996	1.7	26.6
6997	1.7	26.6
6998	1.7	26.6
6999	1.7	26.6
7000	1.7	26.6
7001	1.7	26.6
7002	1.7	26.6
7003	1.7	26.6
7004	1.7	26.6
7005	1.7	26.6
7006	1.7	26.7
7007	1.7	26.7
7008	1.7	26.6
7009	1.7	26.6
7010	1.7	26.6
7011	1.7	26.6
7012	1.7	26.6
7013	1.7	26.7
7014	1.7	26.7
7015	1.7	26.6
7016	1.7	26.7
7017	1.7	26.7
7018	1.7	26.7
7019	1.7	26.6
7020	1.7	26.7
7021	1.7	26.7
7022	1.7	26.7
7023	1.7	26.7
7024	1.7	26.7
7025	1.7	26.7
7026	1.7	26.7
7027	1.7	26.7
7028	1.7	26.7
7029	1.7	26.7
7030	1.7	26.7
7031	1.7	26.7
7032	1.7	26.7
7033	1.7	26.7
7034	1.7	26.7
7035	1.7	26.7
7036	1.7	26.7
7037	1.7	26.7
7038	1.7	26.7
7039	1.7	26.7
7040	1.7	26.7
7041	1.7	26.7
7042	1.7	26.7
7043	1.7	26.7
7044	1.7	26.7
7045	1.7	26.7
7046	1.7	26.7
7047	1.7	26.7
7048	1.7	26.7
7049	1.7	26.7
7050	1.7	26.7
7051	1.7	26.7
7052	1.7	26.7
7053	1.7	26.7
7054	1.7	26.7
7055	1.7	26.7
7056	1.7	26.7
7057	1.7	26.7
7058	1.7	26.7
7059	1.7	26.7
7060	1.7	26.7
7061	1.7	26.7
7062	1.7	26.7
7063	1.7	26.7
7064	1.7	26.7
7065	1.7	26.7
7066	1.7	26.7
7067	1.7	26.7
7068	1.7	26.7
7069	1.7	26.7
7070	1.7	26.7
7071	1.7	26.7
7072	1.7	26.7
7073	1.7	26.7
7074	1.7	26.7
7075	1.7	26.7
7076	1.7	26.7
7077	1.7	26.7
7078	1.7	26.7
7079	1.7	26.7
7080	1.7	26.7
7081	1.7	26.7
7082	1.7	26.7
7083	1.7	26.7
7084	1.7	26.7
7085	1.7	26.7
7086	1.7	26.7
7087	1.7	26.7
7088	1.7	26.7
7089	1.7	26.7
7090	1.7	26.7
7091	1.7	26.7
7092	1.7	26.7
7093	1.7	26.7
7094	1.7	26.7
7095	1.7	26.7
7096	1.7	26.7
7097	1.7	26.7
7098	1.7	26.7
7099	1.7	26.7
7100	1.7	26.7
7101	1.7	26.7
7102	1.7	26.7
7103	1.7	26.7
7104	1.7	26.7
7105	1.7	26.7
7106	1.7	26.7
7107	1.7	26.7
7108	1.7	26.7
7109	1.7	26.7
7110	1.7	26.7
7111	1.7	26.7
7112	1.7	26.7
7113	1.7	26.7
7114	1.7	26.7
7115	1.7	26.7
7116	1.7	26.7
7117	1.7	26.7
7118	1.7	26.7
7119	1.7	26.7
7120	1.7	26.7
7121	1.7	26.7
7122	1.7	26.7
7123	1.7	26.7
7124	1.7	26.7
7125	1.7	26.7
7126	1.7	26.7
7127	1.7	26.7
7128	1.7	26.7
7129	1.7	26.7
7130	1.7	26.7
7131	1.7	26.7
7132	1.7	26.7
7133	1.7	26.7
7134	1.7	26.7
7135	1.7	26.7
7136	1.7	26.7
7137	1.7	26.7
7138	1.7	26.7
7139	1.7	26.7
7140	1.7	26.7
7141	1.7	26.7
7142	1.7	26.7
7143	1.7	26.7
7144	1.7	26.7
7145	1.7	26.7
7146	1.7	26.7
7147	1.7	26.7
7148	1.7	26.7
7149	1.7	26.7
7150	1.7	26.7
7151	1.7	26.7
7152	1.7	26.7
7153	1.7	26.7
7154	1.7	26.7
7155	1.7	26.7
7156	1.7	26.7
7157	1.7	26.7
7158	1.7	26.7
7159	1.7	26.7
7160	1.7	26.7
7161	1.7	26.7
7162	1.7	26.7
7163	1.7	26.7
7164	1.7	26.7
7165	1.7	26.7
7166	1.7	26.7
7167	1.7	26.7
7168	1.7	26.7
7169	1.7	26.7
7170	1.7	26.7
7171	1.7	26.7
7172	1.7	26.7
7173	1.7	26.7
7174	1.7	26.7
7175	1.7	26.7
7176	1.7	26.7
7177	1.7	26.7
7178	1.7	26.7
7179	1.7	26.7
7180	1.7	26.7
7181	1.7	26.7
7182	1.7	26.7
7183	1.7	26.7
7184	1.7	26.7
7185	1.7	26.7
7186	1.7	26.7
7187	1.7	26.7
7188	1.7	26.7
7189	1.7	26.7
7190	1.7	26.7
7191	1.7	26.7
7192	1.7	26.7
7193	1.7	26.7
7194	1.7	26.7
7195	1.7	26.7
7196	1.7	26.7
7197	1.7	26.7
7198	1.7	26.7
7199	1.7	26.7
7200	1.7	26.7
7201	1.7	26.7
7202	1.7	26.7
7203	1.7	26.7
7204	1.7	26.7
7205	1.7	26.7
7206	1.7	26.7
7207	1.7	26.7
7208	1.7	26.7
7209	1.7	26.7
7210	1.7	26.7
7211	1.7	26.7
7212	1.7	26.7
7213	1.7	26.7
7214	1.7	26.7
7215	1.7	26.7
7216	1.7	26.7
7217	1.7	26.7
7218	1.7	26.7
7219	1.7	26.7
7220	1.7	26.7
7221	1.7	26.7
7222	1.7	26.7
7223	1.7	26.7
7224	1.7	26.7
7225	1.7	26.7
7226	1.7	26.7
7227	1.7	26.7
7228	1.7	26.7
7229	1.7	26.7
7230	1.7	26.7
7231	1.7	26.7
7232	1.7	26.7
7233	1.7	26.7
7234	1.7	26.7
7235	1.7	26.7
7236	1.7	26.7
7237	1.7	26.7
7238	1.7	26.7
7239	1.7	26.7
7240	1.7	26.7
7241	1.7	26.7
7242	1.7	26.7
7243	1.7	26.7
7244	1.7	26.7
7245	1.7	26.7
7246	1.7	26.7
7247	1.7	26.7
7248	1.7	26.7
7249	1.7	26.7
7250	1.7	26.7
7251	1.7	26.7
7252	1.7	26.7
7253	1.7	26.7
7254	1.7	26.7
7255	1.7	26.7
7256	1.7	26.7
7257	1.7	26.7
7258	1.7	26.7
7259	1.7	26.7
7260	1.7	26.7
7261	1.7	26.7
7262	1.7	26.7
7263	1.7	26.7
7264	1.7	26.7
7265	1.7	26.7
7266	1.7	26.7
7267	1.7	26.7
7268	1.7	26.7
7269	1.7	26.7
7270	1.7	26.7
7271	1.7	26.7
7272	1.7	26.7
7273	1.7	26.7
7274	1.7	26.7
7275	1.7	26.7
7276	1.7	26.7
7277	1.7	26.7
7278	1.7	26.7
7279	1.7	26.7
7280	1.7	26.7
7281	1.7	26.7
7282	1.7	26.7
7283	1.7	26.7
7284	1.7	26.7
7285	1.7	26.7
7286	1.7	26.7
7287	1.7	26.7
7288	1.7	26.7
7289	1.7	26.7
7290	1.7	26.7
7291	1.7	26.7
7292	1.7	26.7
7293	1.7	26.7
7294	1.7	26.7
7295	1.7	26.7
7296	1.7	26.7
7297	1.7	26.7
7298	1.7	26.7
7299	1.7	26.7
7300	1.7	26.7
7301	1.7	26.7
7302	1.7	26.7
7303	1.7	26.7
7304	1.7	26.7
7305	1.7	26.7
7306	1.7	26.7
7307	1.7	26.7
7308	1.7	26.6
7309	1.7	26.7
7310	1.7	26.7
7311	1.7	26.7
7312	1.7	26.7
7313	1.7	26.7
7314	1.7	26.6
7315	1.7	26.7
7316	1.7	26.7
7317	1.7	26.7
7318	1.7	26.7
7319	1.7	26.6
7320	1.7	26.7
7321	1.7	26.7
7322	1.7	26.6
7323	1.7	26.7
7324	1.7	26.6
7325	1.7	26.7
7326	1.7	26.7
7327	1.7	26.6
7328	1.7	26.6
7329	1.7	26.7
7330	1.7	26.6
7331	1.7	26.7
7332	1.7	26.6
7333	1.7	26.7
7334	1.7	26.7
7335	1.7	26.6
7336	1.7	26.6
7337	1.7	26.6
7338	1.7	26.6
7339	1.7	26.6
7340	1.7	26.6
7341	1.7	26.6
7342	1.7	26.6
7343	1.7	26.6
7344	1.7	26.6
7345	1.7	26.6
7346	1.7	26.6
7347	1.7	26.6
7348	1.7	26.6
7349	1.7	26.6
7350	1.7	26.6
7351	1.7	26.7
7352	1.7	26.6
7353	1.7	26.6
7354	1.7	26.6
7355	1.7	26.6
7356	1.7	26.6
7357	1.7	26.6
7358	1.7	26.6
7359	1.7	26.6
7360	1.7	26.6
7361	1.7	26.6
7362	1.7	26.6
7363	1.7	26.6
7364	1.7	26.6
7365	1.7	26.6
7366	1.7	26.6
7367	1.7	26.6
7368	1.7	26.6
7369	1.7	26.6
7370	1.7	26.6
7371	1.7	26.6
7372	1.7	26.6
7373	1.7	26.6
7374	1.7	26.6
7375	1.7	26.6
7376	1.7	26.6
7377	1.7	26.6
7378	1.7	26.6
7379	1.7	26.6
7380	1.7	26.6
7381	1.7	26.6
7382	1.7	26.6
7383	1.7	26.6
7384	1.7	26.6
7385	1.7	26.6
7386	1.7	26.6
7387	1.7	26.6
7388	1.7	26.6
7389	1.7	26.6
7390	1.7	26.6
7391	1.7	26.6
7392	1.7	26.6
7393	1.7	26.6
7394	1.7	26.6
7395	1.7	26.6
7396	1.7	26.6
7397	1.7	26.6
7398	1.7	26.6
7399	1.7	26.6
7400	1.7	26.6
7401	1.7	26.6
7402	1.7	26.6
7403	1.7	26.6
7404	1.7	26.6
7405	1.7	26.6
7406	1.7	26.6
7407	1.7	26.6
7408	1.7	26.6
7409	1.7	26.6
7410	1.7	26.6
7411	1.7	26.6
7412	1.7	26.6
7413	1.7	26.6
7414	1.7	26.6
7415	1.7	26.6
7416	1.7	26.6
7417	1.7	26.6
7418	1.7	26.6
7419	1.7	26.6
7420	1.7	26.6
7421	1.7	26.6
7422	1.7	26.6
7423	1.7	26.6
7424	1.7	26.6
7425	1.7	26.6
7426	1.7	26.6
7427	1.7	26.6
7428	1.7	26.6
7429	1.7	26.6
7430	1.7	26.6
7431	1.7	26.6
7432	1.7	26.6
7433	1.7	26.6
7434	1.7	26.6
7435	1.7	26.6
7436	1.7	26.6
7437	1.7	26.6
7438	1.7	26.6
7439	1.7	26.6
7440	1.7	26.6
7441	1.7	26.6
7442	1.7	26.6
7443	1.7	26.6
7444	1.7	26.6
7445	1.7	26.6
7446	1.7	26.6
7447	1.7	26.6
7448	1.7	26.6
7449	1.7	26.6
7450	1.7	26.6
7451	1.7	26.6
7452	1.7	26.6
7453	1.7	26.6
7454	1.7	26.6
7455	1.7	26.6
7456	1.7	26.6
7457	1.7	26.6
7458	1.7	26.6
7459	1.7	26.6
7460	1.7	26.6
7461	1.7	26.6
7462	1.7	26.6
7463	1.7	26.6
7464	1.7	26.6
7465	1.7	26.6
7466	1.7	26.6
7467	1.7	26.6
7468	1.7	26.6
7469	1.7	26.6
7470	1.7	26.6
7471	1.7	26.6
7472	1.7	26.6
7473	1.7	26.6
7474	1.7	26.6
7475	1.7	26.6
7476	1.7	26.6
7477	1.7	26.6
7478	1.7	26.6
7479	1.7	26.6
7480	1.7	26.6
7481	1.7	26.6
7482	1.7	26.6
7483	1.7	26.6
7484	1.7	26.6
7485	1.7	26.6
7486	1.7	26.6
7487	1.7	26.6
7488	1.7	26.6
7489	1.7	26.6
7490	1.7	26.6
7491	1.7	26.6
7492	1.7	26.6
7493	1.7	26.6
7494	1.7	26.6
7495	1.7	26.6
7496	1.7	26.6
7497	1.7	26.6
7498	1.7	26.6
7499	1.7	26.6
7500	1.7	26.6
7501	1.7	26.6
7502	1.7	26.6
7503	1.7	26.6
7504	1.7	26.6
7505	1.7	26.6
7506	1.7	26.6
7507	1.7	26.6
7508	1.7	26.6
7509	1.7	26.6
7510	1.7	26.6
7511	1.7	26.6
7512	1.7	26.6
7513	1.7	26.6
7514	1.7	26.6
7515	1.7	26.6
7516	1.7	26.6
7517	1.7	26.6
7518	1.7	26.6
7519	1.7	26.6
7520	1.7	26.6
7521	1.7	26.6
7522	1.7	26.6
7523	1.7	26.6
7524	1.7	26.6
7525	1.7	26.6
7526	1.7	26.6
7527	1.7	26.6
7528	1.7	26.6
7529	1.7	26.6
7530	1.7	26.6
7531	1.7	26.6
7532	1.7	26.6
7533	1.7	26.6
7534	1.7	26.6
7535	1.7	26.6
7536	1.7	26.6
7537	1.7	26.6
7538	1.7	26.6
7539	1.7	26.6
7540	1.7	26.6
7541	1.7	26.6
7542	1.7	26.6
7543	1.7	26.6
7544	1.7	26.6
7545	1.7	26.6
7546	1.7	26.6
7547	1.7	26.6
7548	1.7	26.6
7549	1.7	26.6
7550	1.7	26.6
7551	1.7	26.6
7552	1.7	26.6
7553	1.7	26.6
7554	1.7	26.6
7555	1.7	26.6
7556	1.7	26.6
7557	1.7	26.6
7558	1.7	26.6
7559	1.7	26.6
7560	1.7	26.6
7561	1.7	26.6
7562	1.7	26.6
7563	1.7	26.6
7564	1.7	26.6
7565	1.7	26.6
7566	1.7	26.6
7567	1.7	26.6
7568	1.7	26.6
7569	1.7	26.6
7570	1.7	26.6
7571	1.7	26.7
7572	1.7	26.6
7573	1.7	26.6
7574	1.7	26.6
7575	1.7	26.6
7576	1.7	26.7
7577	1.7	26.6
7578	1.7	26.7
7579	1.7	26.6
7580	1.7	26.6
7581	1.7	26.6
7582	1.7	26.6
7583	1.7	26.6
7584	1.7	26.7
7585	1.7	26.6
7586	1.7	26.7
7587	1.7	26.6
7588	1.7	26.7
7589	1.7	26.6
7590	1.7	26.7
7591	1.7	26.7
7592	1.7	26.6
7593	1.7	26.6
7594	1.7	26.6
7595	1.7	26.7
7596	1.7	26.7
7597	1.7	26.6
7598	1.7	26.7
7599	1.7	26.7
7600	1.7	26.7
7601	1.7	26.7
7602	1.7	26.7
7603	1.7	26.6
7604	1.7	26.7
7605	1.7	26.7
7606	1.7	26.7
7607	1.7	26.7
7608	1.7	26.6
7609	1.7	26.7
7610	1.7	26.7
7611	1.7	26.6
7612	1.7	26.7
7613	1.7	26.7
7614	1.7	26.7
7615	1.7	26.7
7616	1.7	26.7
7617	1.7	26.6
7618	1.7	26.7
7619	1.7	26.7
7620	1.7	26.7
7621	1.7	26.7
7622	1.7	26.7
7623	1.7	26.7
7624	1.7	26.7
7625	1.7	26.7
7626	1.7	26.7
7627	1.7	26.7
7628	1.7	26.7
7629	1.7	26.7
7630	1.7	26.7
7631	1.7	26.7
7632	1.7	26.7
7633	1.7	26.7
7634	1.7	26.7
7635	1.7	26.7
7636	1.7	26.7
7637	1.7	26.7
7638	1.7	26.7
7639	1.7	26.7
7640	1.7	26.7
7641	1.7	26.7
7642	1.7	26.7
7643	1.7	26.7
7644	1.7	26.7
7645	1.7	26.7
7646	1.7	26.7
7647	1.7	26.7
7648	1.7	26.7
7649	1.7	26.7
7650	1.7	26.7
7651	1.7	26.7
7652	1.7	26.7
7653	1.7	26.7
7654	1.7	26.7
7655	1.7	26.7
7656	1.7	26.7
7657	1.7	26.7
7658	1.7	26.7
7659	1.7	26.7
7660	1.7	26.7
7661	1.7	26.7
7662	1.7	26.7
7663	1.7	26.7
7664	1.7	26.7
7665	1.7	26.7
7666	1.7	26.7
7667	1.7	26.7
7668	1.7	26.7
7669	1.7	26.7
7670	1.7	26.7
7671	1.7	26.7
7672	1.7	26.7
7673	1.7	26.7
7674	1.7	26.7
7675	1.7	26.7
7676	1.7	26.7
7677	1.7	26.7
7678	1.7	26.7
7679	1.7	26.7
7680	1.7	26.7
7681	1.7	26.7
7682	1.7	26.7
7683	1.7	26.7
7684	1.7	26.7
7685	1.7	26.7
7686	1.7	26.7
7687	1.7	26.7
7688	1.7	26.7
7689	1.7	26.7
7690	1.7	26.7
7691	1.7	26.7
7692	1.7	26.7
7693	1.7	26.7
7694	1.7	26.7
7695	1.7	26.7
7696	1.7	26.7
7697	1.7	26.7
7698	1.7	26.7
7699	1.7	26.7
7700	1.7	26.7
7701	1.7	26.7
7702	1.7	26.7
7703	1.7	26.7
7704	1.7	26.7
7705	1.7	26.7
7706	1.7	26.7
7707	1.7	26.7
7708	1.7	26.7
7709	1.7	26.7
7710	1.7	26.7
7711	1.7	26.7
7712	1.7	26.7
7713	1.7	26.7
7714	1.7	26.7
7715	1.7	26.7
7716	1.7	26.7
7717	1.7	26.7
7718	1.7	26.7
7719	1.7	26.7
7720	1.7	26.7
7721	1.7	26.7
7722	1.7	26.7
7723	1.7	26.7
7724	1.7	26.7
7725	1.7	26.7
7726	1.7	26.7
7727	1.7	26.7
7728	1.7	26.7
7729	1.7	26.7
7730	1.7	26.7
7731	1.7	26.7
7732	1.7	26.7
7733	1.7	26.7
7734	1.7	26.7
7735	1.7	26.7
7736	1.7	26.7
7737	1.7	26.7
7738	1.7	26.7
7739	1.7	26.7
7740	1.7	26.7
7741	1.7	26.7
7742	1.7	26.7
7743	1.7	26.7
7744	1.7	26.7
7745	1.7	26.7
7746	1.7	26.7
7747	1.7	26.7
7748	1.7	26.7
7749	1.7	26.7
7750	1.7	26.7
7751	1.7	26.7
7752	1.7	26.7
7753	1.7	26.7
7754	1.7	26.7
7755	1.7	26.7
7756	1.7	26.7
7757	1.7	26.7
7758	1.7	26.7
7759	1.7	26.7
7760	1.7	26.7
7761	1.7	26.7
7762	1.7	26.7
7763	1.7	26.7
7764	1.7	26.7
7765	1.7	26.7
7766	1.7	26.7
7767	1.7	26.7
7768	1.7	26.7
7769	1.7	26.7
7770	1.7	26.7
7771	1.7	26.7
7772	1.7	26.7
7773	1.7	26.7
7774	1.7	26.7
7775	1.7	26.7
7776	1.7	26.7
7777	1.7	26.7
7778	1.7	26.7
7779	1.7	26.7
7780	1.7	26.7
7781	1.7	26.7
7782	1.7	26.7
7783	1.7	26.7
7784	1.7	26.7
7785	1.7	26.7
7786	1.7	26.7
7787	1.7	26.7
7788	1.7	26.7
7789	1.7	26.7
7790	1.7	26.7
7791	1.7	26.7
7792	1.7	26.7
7793	1.7	26.7
7794	1.7	26.7
7795	1.7	26.7
7796	1.7	26.7
7797	1.7	26.7
7798	1.7	26.7
7799	1.7	26.7
7800	1.7	26.7
7801	1.7	26.7
7802	1.7	26.7
7803	1.7	26.7
7804	1.7	26.7
7805	1.7	26.7
7806	1.7	26.7
7807	1.7	26.7
7808	1.7	26.7
7809	1.7	26.7
7810	1.7	26.7
7811	1.7	26.7
7812	1.7	26.7
7813	1.7	26.7
7814	1.7	26.7
7815	1.7	26.7
7816	1.7	26.7
7817	1.7	26.7
7818	1.7	26.7
7819	1.7	26.7
7820	1.7	26.7
7821	1.7	26.7
7822	1.7	26.7
7823	1.7	26.7
7824	1.7	26.7
7825	1.7	26.7
7826	1.7	26.7
7827	1.7	26.7
7828	1.7	26.7
7829	1.7	26.7
7830	1.7	26.7
7831	1.7	26.7
7832	1.7	26.7
7833	1.7	26.7
7834	1.7	26.7
7835	1.7	26.7
7836	1.7	26.7
7837	1.7	26.7
7838	1.7	26.7
7839	1.7	26.7
7840	1.7	26.7
7841	1.7	26.7
7842	1.7	26.7
7843	1.7	26.7
7844	1.7	26.7
7845	1.7	26.7
7846	1.7	26.7
7847	1.7	26.7
7848	1.7	26.7
7849	1.7	26.7
7850	1.7	26.7
7851	1.7	26.7
7852	1.7	26.7
7853	1.7	26.7
7854	1.7	26.7
7855	1.7	26.7
7856	1.7	26.7
7857	1.7	26.7
7858	1.7	26.7
7859	1.7	26.7
7860	1.7	26.7
7861	1.7	26.7
7862	1.7	26.7
7863	1.7	26.7
7864	1.7	26.7
7865	1.7	26.7
7866	1.7	26.7
7867	1.7	26.7
7868	1.7	26.7
7869	1.7	26.7
7870	1.7	26.7
7871	1.7	26.7
7872	1.7	26.7
7873	1.7	26.7
7874	1.7	26.7
7875	1.7	26.7
7876	1.7	26.6
7877	1.7	26.7
7878	1.7	26.7
7879	1.7	26.7
7880	1.7	26.7
7881	1.7	26.6
7882	1.7	26.7
7883	1.7	26.7
7884	1.7	26.7
7885	1.7	26.7
7886	1.7	26.7
7887	1.7	26.7
7888	1.7	26.6
7889	1.7	26.6
7890	1.7	26.7
7891	1.7	26.7
7892	1.7	26.6
7893	1.7	26.7
7894	1.7	26.6
7895	1.7	26.6
7896	1.7	26.7
7897	1.7	26.6
7898	1.7	26.6
7899	1.7	26.6
7900	1.7	26.7
7901	1.7	26.7
7902	1.7	26.6
7903	1.7	26.6
7904	1.7	26.7
7905	1.7	26.6
7906	1.7	26.6
7907	1.7	26.6
7908	1.7	26.6
7909	1.7	26.6
7910	1.7	26.7
7911	1.7	26.6
7912	1.7	26.6
7913	1.7	26.6
7914	1.7	26.6
7915	1.7	26.6
7916	1.7	26.7
7917	1.7	26.6
7918	1.7	26.6
7919	1.7	26.6
7920	1.7	26.7
7921	1.7	26.6
7922	1.7	26.7
7923	1.7	26.6
7924	1.7	26.6
7925	1.7	26.6
7926	1.7	26.6
7927	1.7	26.6
7928	1.7	26.6
7929	1.7	26.6
7930	1.7	26.6
7931	1.7	26.6
7932	1.7	26.6
7933	1.7	26.6
7934	1.7	26.6
7935	1.7	26.6
7936	1.7	26.6
7937	1.7	26.6
7938	1.7	26.6
7939	1.7	26.6
7940	1.7	26.6
7941	1.7	26.6
7942	1.7	26.6
7943	1.7	26.6
7944	1.7	26.6
7945	1.7	26.6
7946	1.7	26.6
7947	1.7	26.6
7948	1.7	26.6
7949	1.7	26.6
7950	1.7	26.6
7951	1.7	26.6
7952	1.7	26.6
7953	1.7	26.6
7954	1.7	26.6
7955	1.7	26.6
7956	1.7	26.6
7957	1.7	26.6
7958	1.7	26.6
7959	1.7	26.6
7960	1.7	26.6
7961	1.7	26.6
7962	1.7	26.6
7963	1.7	26.6
7964	1.7	26.6
7965	1.7	26.6
